20.926062
27.549746
38.41373
74.13556
52.95848
52.965424
52.954536
52.865097
52.870537
51.59945
51.190853
53.19364
53.21293
53.25598
53.364063
53.27409
51.711266
51.631264
51.784813
51.830463
51.63706
52.01052
52.591087
52.59056
52.73164
52.455727
52.470943
51.96373
52.308258
52.24109
52.210957
52.169167
52.00231
52.11432
52.079056
52.21604
52.39065
52.67663
52.642124
52.492435
52.304523
52.102776
52.013382
52.009415
52.74519
53.002304
52.91387
53.221428
53.190956
53.19023
53.060394
52.889656
52.93421
52.753517
52.69255
51.7802
51.890358
52.370537
52.30276
52.516533
52.563217
52.768616
52.66369
52.852303
52.826775
52.712135
52.530167
52.355362
52.444168
52.596252
52.783684
52.78224
52.686592
52.563915
52.61975
51.5198
51.910458
52.262936
52.454063
52.95473
53.099632
52.927208
53.226254
52.467667
53.979073
52.322426
0.0
